1 0.777783 0.298500 0.245349 0.169571
1 0.910614 0.626607 0.101952 0.451786
1 0.773120 0.612089 0.101084 0.439036
1 0.674386 0.612071 0.179470 0.369357
1 0.568988 0.723000 0.162988 0.335643
1 0.360542 0.797911 0.206867 0.216036
1 0.494506 0.412321 0.233590 0.362357
1 0.896145 0.218929 0.171614 0.400714
1 0.563892 0.119625 0.314241 0.171893
1 0.332723 0.386179 0.068193 0.500571
1 0.247663 0.359464 0.083133 0.444857
1 0.169699 0.637054 0.074530 0.495964
1 0.099952 0.663768 0.090217 0.465750
1 0.089373 0.300232 0.152096 0.498250
